Day	I.New	H.New	I.Total	I.Active	D.New	D.Total	R.New	R.Total	Se.ICU	Se.Int	Act.Icu	Act.Int	Icu.Int	Int.Icu	Int.Act	Icu.Act	Act.Dead	Icu.Dead	Int.Dead	Total.Icu	Total.Int	Icu.Out	Int.Out	Total.Dead	C.Icu	C.Int
1	1	10	1	1	0	0	0	0	0	0	0	0	0	0	0	0	0	0	0	0	0	0	0	0	0	0
2	0	0	1	1	0	0	0	0	0	0	0	0	0	0	0	0	0	0	0	0	0	0	0	0	0	0
3	4	17	5	5	0	0	0	0	0	0	0	0	0	0	0	0	0	0	0	0	0	0	0	0	0	0
4	1	6	6	6	0	0	0	0	0	0	0	0	0	0	0	0	0	0	0	0	0	0	0	0	0	0
5	12	62	18	17	1	1	0	0	0	0	0	0	0	0	0	0	1	0	0	0	0	0	0	1	0	0
6	29	181	47	46	0	1	0	0	0	0	0	0	0	0	0	0	0	0	0	0	0	0	0	0	0	0
7	51	337	98	96	1	2	0	0	0	0	0	0	0	0	0	0	1	0	0	0	0	0	0	1	0	0
8	93	543	191	188	1	3	0	0	0	0	0	0	0	0	0	0	1	0	0	0	0	0	0	1	0	0
9	168	1737	359	355	1	4	0	0	0	0	0	0	0	0	0	0	1	0	0	0	0	0	0	1	0	0
10	311	1920	670	661	5	9	0	0	0	0	0	0	0	0	0	0	5	0	0	0	0	0	0	5	0	0
11	277	1992	947	926	12	21	0	0	0	0	0	0	0	0	0	0	12	0	0	0	0	0	0	12	0	0
12	289	1630	1236	1206	9	30	0	0	0	0	0	0	0	0	0	0	9	0	0	0	0	0	0	9	0	0
13	293	2528	1529	1492	7	37	0	0	0	0	0	0	0	0	0	0	7	0	0	0	0	0	0	7	0	0
14	343	1768	1872	1828	7	44	0	0	102	136	102	136	0	0	0	0	7	0	0	102	136	0	0	7	102	136
15	561	2615	2433	2374	15	59	0	0	0	0	0	0	0	0	0	0	15	0	0	0	0	0	0	15	102	136
16	1196	5066	3629	3554	16	75	0	0	0	0	0	0	0	0	0	0	16	0	0	0	0	0	0	16	102	136
17	2069	9188	5698	5590	17	92	16	16	241	344	164	343	1	77	46	1	6	1	10	241	344	3	133	17	340	347
18	1704	6527	7402	7250	16	108	28	44	309	445	152	445	0	157	81	0	0	0	16	309	445	0	254	16	649	538
19	1815	13014	9217	9007	23	131	35	79	394	568	191	568	0	203	75	0	22	0	0	394	568	0	278	22	1043	828
20	1610	13741	10827	10523	37	168	57	136	523	725	252	660	65	271	70	0	0	0	37	523	725	65	378	37	1501	1175
21	2704	31631	13531	13100	46	214	81	217	622	847	299	700	147	323	64	0	0	0	46	622	847	147	433	46	1976	1589
22	2148	14183	15679	15095	63	277	90	307	692	979	332	744	235	360	59	0	7	0	55	692	979	235	474	62	2433	2094
23	2456	13949	18135	17390	79	356	82	389	783	1101	375	783	318	408	54	0	0	0	79	783	1101	318	541	79	2898	2654
24	2786	24804	20921	20038	69	425	69	458	867	1251	415	835	416	452	49	0	5	0	64	867	1251	416	565	69	3349	3340
25	3013	31414	23934	22673	76	501	302	760	909	1311	435	842	469	474	43	0	5	0	71	909	1311	469	588	76	3789	4063
26	3135	15419	27069	25479	73	574	256	1016	935	1381	448	854	527	487	38	0	5	0	68	935	1381	527	593	73	4197	4851
27	3148	14688	30217	28268	75	649	284	1300	966	1415	462	848	567	504	32	0	5	0	70	966	1415	567	606	75	4596	5660
28	3892	16907	34109	31828	76	725	256	1556	987	1574	472	904	670	515	27	0	5	0	71	987	1574	670	613	76	4913	6621
29	4117	17698	38226	35594	87	812	264	1820	995	1492	476	840	652	519	21	0	5	0	82	995	1492	652	622	87	5256	7491
30	4056	22474	42282	39258	96	908	296	2116	1017	1552	487	847	705	530	16	0	7	0	89	1017	1552	705	635	96	5568	8408
31	4747	53063	47029	43626	98	1006	281	2397	1062	1667	508	881	786	554	11	0	16	0	82	1062	1667	786	647	98	5844	9428
32	5138	55770	52167	48127	95	1101	542	2939	1021	1626	488	837	789	533	0	0	9	0	86	1021	1626	789	619	95	6076	10435
33	4789	26565	56956	52338	97	1198	481	3420	978	1665	327	709	956	651	1504	264	0	65	32	978	1665	1285	2187	97	5769	9913
34	4093	16959	61049	55822	98	1296	511	3931	1063	1786	334	840	946	729	1707	246	2	44	52	1063	1786	1236	2488	98	5596	9211
35	4062	20311	65111	58935	107	1403	842	4773	1087	1809	359	930	879	728	1591	229	2	21	84	1087	1809	1129	2403	107	5554	8617
36	4281	22532	69392	62226	115	1518	875	5648	1052	1820	351	970	850	701	1471	213	3	1	111	1052	1820	1064	2283	115	5542	8154
37	4801	27294	74193	65487	125	1643	1415	7063	1040	1854	358	984	870	682	1365	197	2	2	121	1040	1854	1069	2168	125	5513	7840
38	4353	50805	78546	68172	126	1769	1542	8605	1014	1845	356	974	871	658	1242	180	3	2	121	1014	1845	1053	2021	126	5474	7664
39	3783	32496	82329	70012	121	1890	1822	10427	1054	1894	387	996	898	667	1135	164	2	1	118	1054	1894	1063	1920	121	5465	7638
40	3977	27139	86306	72339	127	2017	1523	11950	1031	1922	388	1005	917	643	1017	147	0	4	123	1031	1922	1068	1783	127	5428	7777
41	4674	19830	90980	75436	123	2140	1454	13404	1033	1909	400	992	917	633	906	133	0	3	120	1033	1909	1053	1659	123	5408	8027
42	4611	28921	95591	78440	119	2259	1488	14892	1006	1865	399	966	899	607	789	116	1	3	116	1006	1865	1018	1512	120	5396	8380
43	3083	12999	98674	79847	117	2376	1559	16451	985	1814	401	936	878	584	677	100	1	2	114	985	1814	980	1375	117	5401	8819
44	3116	20670	101790	80834	115	2491	2014	18465	982	1816	412	933	883	570	562	83	1	2	112	982	1816	968	1244	115	5415	9391
45	3122	23400	104912	80601	109	2600	3246	21711	929	1790	398	915	875	531	450	66	2	1	106	929	1790	942	1087	109	5402	10094
46	2861	10748	107773	79511	106	2706	3845	25556	900	1782	396	906	876	504	337	50	2	1	103	900	1782	927	944	106	5375	10932
47	2357	22508	110130	78211	99	2805	3558	29114	883	1776	399	899	877	484	224	33	3	1	96	883	1776	911	804	100	5347	11904
48	2131	9423	112261	75596	95	2900	4651	33765	882	1736	409	874	862	473	72	17	3	0	91	882	1736	879	636	94	5350	13004
49	2392	9184	114653	72878	92	2992	5018	38783	845	1621	364	852	769	481	1421	117	64	1	27	845	1621	887	1929	92	5308	12696
50	2936	11054	117589	70494	89	3081	5231	44014	831	1574	316	888	686	515	1630	108	34	1	55	831	1574	795	2200	90	5344	12070
51	2615	15144	120204	68170	93	3174	4846	48860	803	1514	311	927	587	492	1519	101	3	1	89	803	1514	689	2100	93	5458	11484
52	2188	9643	122392	65352	84	3258	4922	53782	818	1480	320	934	546	498	1404	94	0	1	83	818	1480	641	1985	84	5635	10979
53	1983	15277	124375	62806	78	3336	4451	58233	778	1445	307	903	542	471	1303	88	0	0	78	778	1445	630	1852	78	5783	10572
54	1670	6987	126045	59523	61	3397	4892	63125	766	1424	306	877	547	460	1185	79	0	0	61	766	1424	626	1706	61	5923	10290
55	1614	8276	127659	56058	64	3461	5015	68140	727	1384	293	845	539	434	1083	72	0	0	64	727	1384	611	1581	64	6039	10093
56	1832	15350	129491	52712	59	3520	5119	73259	707	1338	289	805	533	418	970	64	0	0	59	707	1338	597	1447	59	6149	9984
57	2253	9637	131744	49984	64	3584	4917	78176	669	1278	277	759	519	392	865	60	0	0	64	669	1278	579	1321	64	6239	9941
58	1977	22346	133721	47122	57	3641	4782	82958	665	1260	280	735	525	385	753	52	0	0	57	665	1260	577	1195	57	6327	10006
59	1848	8828	135569	45510	48	3689	3412	86370	653	1219	281	701	518	372	647	45	0	0	48	653	1219	563	1067	48	6417	10158
60	1546	6207	137115	43922	50	3739	3084	89454	628	1168	274	660	508	354	537	37	0	0	50	628	1168	545	941	50	6500	10385
61	1542	6974	138657	42206	47	3786	3211	92665	598	1154	265	638	516	333	428	29	0	0	47	598	1154	545	808	47	6553	10731
62	1114	8874	139771	40176	55	3841	3089	95754	578	1126	261	609	517	317	321	22	0	0	55	578	1126	539	693	55	6592	11164
63	1704	17008	141475	38718	53	3894	3109	98863	576	1045	265	554	491	311	214	14	0	0	53	576	1045	505	578	53	6663	11631
64	1639	17633	143114	37473	58	3952	2826	101689	535	998	250	515	483	285	66	7	0	0	58	535	998	490	409	58	6708	12220
65	1635	6713	144749	36738	55	4007	2315	104004	508	963	27	852	769	481	947	351	64	1	27	508	1621	1121	1455	92	6095	12386
66	1708	7419	146457	36295	48	4055	2103	106107	490	944	0	888	686	490	1112	323	34	1	55	490	1574	1010	1657	90	5575	12303
67	1610	13198	148067	35860	41	4096	2004	108111	474	906	0	927	587	474	1031	303	3	1	89	474	1514	891	1594	93	5158	12223
68	1368	8896	149435	35359	44	4140	1825	109936	468	914	0	934	546	468	966	281	0	1	83	468	1480	828	1517	84	4798	12186
69	1158	6333	150593	34871	31	4171	1615	111551	463	903	0	903	542	463	876	262	0	0	78	463	1445	804	1417	78	4457	12214
70	1022	5374	151615	34547	28	4199	1318	112869	455	882	0	877	547	455	796	238	0	0	61	455	1424	785	1312	61	4127	12326
71	972	5800	152587	34404	23	4222	1092	113961	445	877	11	845	539	434	722	217	0	0	64	445	1384	756	1220	64	3816	12490
72	961	7516	153548	34335	27	4249	1003	114964	424	820	6	805	533	418	647	194	0	0	59	424	1338	727	1124	59	3513	12704
73	952	9650	154500	34139	27	4276	1121	116085	401	800	9	759	519	392	578	179	0	0	64	401	1278	698	1034	64	3216	12948
74	1186	7468	155686	33802	32	4308	1491	117576	388	775	3	735	525	385	501	155	0	0	57	388	1260	680	943	57	2924	13265
75	1141	8313	156827	33819	32	4340	1092	118668	385	769	13	701	518	372	431	133	0	0	48	385	1219	651	851	48	2658	13633
76	987	7904	157814	33456	29	4369	1321	119989	371	756	17	660	508	354	357	110	0	0	50	371	1168	618	761	50	2411	14040
77	948	6799	158762	32884	28	4397	1492	121481	338	739	5	638	516	333	286	88	0	0	47	338	1154	604	666	47	2145	14528
78	1035	4139	159797	32599	34	4431	1286	122767	331	723	14	609	517	317	215	66	0	0	55	331	1126	583	587	55	1893	15067
79	1182	4876	160979	32175	30	4461	1576	124343	339	683	28	554	491	311	142	44	0	0	53	339	1045	535	506	53	1697	15606
80	1141	4635	162120	31694	28	4489	1594	125937	324	662	39	515	483	285	45	22	0	0	58	324	998	505	388	58	1516	16216
81	983	7602	163103	31630	26	4515	1021	126958	308	649	5	546	103	303	1033	190	0	0	26	308	649	293	1362	26	1531	15503
82	839	3702	163942	31455	25	4540	989	127947	287	648	0	594	54	287	1180	172	0	0	25	287	648	226	1492	25	1592	14659
83	827	3413	164769	31285	23	4563	974	128921	283	651	0	651	0	283	1101	163	0	0	23	283	651	163	1407	23	1712	13903
84	786	6806	165555	31075	22	4585	974	129895	271	633	100	633	0	171	1018	150	0	0	22	271	633	150	1211	22	1833	13325
85	867	7104	166422	30987	24	4609	931	130826	261	612	0	612	0	261	945	141	0	0	24	261	612	141	1230	24	1953	12707
86	988	3839	167410	31028	21	4630	926	131752	265	602	0	590	12	265	854	127	0	0	21	265	602	139	1140	21	2079	12169
87	930	5106	168340	30318	18	4648	1622	133374	269	592	11	561	31	258	775	116	0	0	18	269	592	147	1051	18	2201	11710
88	878	3764	169218	29253	21	4669	1922	135296	264	591	19	533	58	245	695	103	0	0	21	264	591	161	961	21	2304	11340
89	914	4680	170132	27497	23	4692	2647	137943	274	613	37	517	96	237	620	99	0	0	23	274	613	195	880	23	2383	11073
90	989	5826	171121	25056	19	4711	3411	141354	261	625	42	497	128	219	540	86	0	0	19	261	625	214	778	19	2430	10920
91	993	4185	172114	22813	18	4729	3218	144572	281	642	64	480	162	217	462	72	0	0	18	281	642	234	697	18	2477	10865
92	922	6829	173036	21477	17	4746	2241	146813	280	631	76	448	183	204	384	60	0	0	17	280	631	243	605	17	2514	10891
93	987	6111	174023	21426	17	4763	1021	147834	266	643	81	428	215	185	307	48	0	0	17	266	643	263	509	17	2517	11025
94	1195	12415	175218	21364	15	4778	1242	149076	282	664	100	412	252	182	230	36	0	0	15	282	664	288	427	15	2511	11262
95	1459	7205	176677	21824	14	4792	985	150061	284	684	112	396	288	172	153	24	0	0	14	284	684	312	339	14	2483	11607
96	1562	6251	178239	22041	15	4807	1330	151391	290	717	127	386	331	163	50	12	0	0	15	290	717	343	228	15	2430	12096
97	1592	12055	179831	22668	18	4825	947	152338	291	722	24	532	190	267	578	235	0	18	0	291	722	443	845	18	2278	11973
98	1467	14846	181298	23103	17	4842	1015	153353	303	732	21	589	143	282	655	214	0	14	3	303	732	371	940	17	2210	11765
99	1429	11039	182727	23252	19	4861	1261	154614	306	745	23	654	91	283	610	202	0	0	19	306	745	293	912	19	2223	11598
100	1304	8531	184031	23153	21	4882	1382	155996	311	755	30	653	102	281	564	187	0	0	21	311	755	289	866	21	2245	11487
101	1214	8283	185245	22850	23	4905	1494	157490	310	769	32	653	116	278	523	175	0	0	23	310	769	291	824	23	2264	11432
102	1248	10013	186493	22764	22	4927	1312	158802	318	781	40	645	136	278	477	158	0	0	22	318	781	294	777	22	2288	11436
103	1192	10005	187685	22521	23	4950	1412	160214	327	803	55	635	168	272	435	145	0	0	23	327	803	313	730	23	2302	11509
104	1212	6886	188897	22416	24	4974	1293	161507	345	846	73	632	214	272	390	129	0	0	24	345	846	343	686	24	2304	11669
105	1268	6726	190165	22342	27	5001	1315	162822	362	893	92	632	261	270	348	121	0	0	27	362	893	382	645	27	2284	11917
106	1492	9282	191657	22424	24	5025	1386	164208	356	914	100	619	295	256	303	104	0	0	24	356	914	399	583	24	2241	12248
107	1458	17808	193115	22389	21	5046	1472	165680	369	941	117	610	331	252	260	89	0	0	21	369	941	420	533	21	2190	12656
108	1396	6554	194511	22274	19	5065	1492	167172	382	963	133	598	365	249	216	74	0	0	19	382	963	439	484	19	2133	13135
109	1372	15550	195883	21645	17	5082	1984	169156	366	984	136	586	398	230	173	59	0	0	17	366	984	457	420	17	2042	13699
110	1356	9176	197239	21573	15	5097	1413	170569	381	996	153	569	427	228	129	45	0	0	15	381	996	472	372	15	1951	14323
111	1374	9899	198613	21715	18	5115	1214	171783	375	1018	160	556	462	215	86	29	0	0	18	375	1018	491	319	18	1835	15022
112	1293	7087	199906	21690	16	5131	1302	173085	368	1026	166	537	489	202	28	15	0	0	16	368	1026	504	246	16	1699	15802
113	1192	6357	201098	20552	19	5150	2311	175396	362	1035	95	532	190	267	1010	118	0	18	0	362	722	326	1277	18	1735	15247
114	1186	4566	202284	20178	17	5167	1543	176939	372	1067	90	589	143	282	1145	107	0	14	3	372	732	264	1430	17	1843	14549
115	1172	9367	203456	20018	19	5186	1313	178252	374	1082	91	654	91	283	1068	101	0	0	19	374	745	192	1370	19	2025	13924
116	1154	5528	204610	19938	20	5206	1214	179466	378	1093	97	653	102	281	986	93	0	0	21	378	755	195	1288	21	2208	13391
117	1148	11663	205758	19879	19	5225	1188	180654	392	1127	114	653	116	278	916	88	0	0	23	392	769	204	1217	23	2396	12943
118	1086	5643	206844	18634	16	5241	2315	182969	395	1130	117	645	136	278	834	79	0	0	22	395	781	215	1134	22	2576	12590
119	1053	10084	207897	17371	19	5260	2297	185266	400	1152	128	635	168	272	761	72	0	0	23	400	803	240	1056	23	2736	12337
120	1041	9753	208938	16171	22	5282	2219	187485	406	1172	134	632	214	272	682	64	0	0	24	406	846	278	978	24	2864	12205
121	1024	9244	209962	14298	18	5300	2879	190364	399	1179	129	632	261	270	608	61	0	0	27	399	893	322	905	27	2941	12193
122	1003	6782	210965	13785	23	5323	1493	191857	402	1182	146	619	295	256	530	53	0	0	24	402	914	348	810	24	2995	12297
123	1016	4330	211981	13446	21	5344	1334	193191	401	1194	148	610	331	253	455	45	0	0	21	401	941	376	729	21	3020	12509
124	1012	11470	212993	13141	19	5363	1298	194489	409	1209	160	598	365	249	377	37	0	0	19	409	963	402	645	19	3027	12827
125	1008	9839	214001	12974	19	5382	1156	195645	402	1223	135	532	190	267	722	118	0	18	0	402	722	326	989	18	3103	12560
126	992	10429	214993	12897	20	5402	1049	196694	396	1204	114	589	143	282	818	107	0	14	3	396	732	264	1103	17	3235	12189
127	947	10778	215940	12814	17	5419	1013	197707	401	1206	118	654	91	283	763	101	0	0	19	401	745	192	1065	19	3444	11869
128	933	6649	216873	12639	21	5440	1087	198794	394	1213	113	653	102	281	705	93	0	0	21	394	755	195	1007	21	3643	11617
129	926	3615	217799	12533	18	5458	1014	199808	402	1226	124	653	116	278	654	88	0	0	23	402	769	204	955	23	3841	11431
130	918	6032	218717	12255	17	5475	1179	200987	394	1231	116	645	136	278	595	79	0	0	22	394	781	215	895	22	4020	11317
131	924	5972	219641	12166	16	5491	997	201984	398	1246	126	635	168	272	543	72	0	0	23	398	803	240	838	23	4178	11282
132	931	9777	220572	12088	17	5508	992	202976	385	1243	113	632	214	272	487	64	0	0	24	385	846	278	783	24	4285	11345
133	928	4459	221500	11989	18	5526	1009	203985	379	1246	109	632	261	270	435	61	0	0	27	379	893	322	732	27	4342	11506
134	902	4821	222402	11669	19	5545	1203	205188	381	1244	125	619	295	256	379	53	0	0	24	381	914	348	659	24	4375	11761
135	913	4231	223315	11413	18	5563	1151	206339	378	1251	125	610	331	253	325	45	0	0	21	378	941	376	599	21	4377	12103
136	937	10105	224252	11324	17	5580	1009	207348	379	1248	130	598	365	249	269	37	0	0	19	379	963	402	537	19	4354	12529
137	921	7705	225173	11126	16	5596	1103	208451	386	1252	156	586	398	230	216	29	0	0	17	386	984	427	463	17	4313	13050
138	927	7347	226100	11026	17	5613	1010	209461	387	1249	159	569	427	228	161	22	0	0	15	387	996	449	404	15	4251	13642
139	919	4084	227019	10946	17	5630	982	210443	392	1263	177	556	462	215	107	15	0	0	18	392	1018	477	340	18	4166	14320
140	963	6056	227982	10802	15	5645	1092	211535	403	1280	201	537	489	202	34	7	0	0	16	403	1026	496	252	16	4073	15094
141	942	5207	228924	10734	14	5659	996	212531	250	542	0	532	190	250	1030	353	0	18	0	250	722	561	1280	18	3762	14536
142	967	4703	229891	10704	15	5674	982	213513	137	561	0	589	143	137	1294	321	0	14	3	137	732	478	1434	17	3421	13834
143	982	4527	230873	10673	17	5691	996	214509	383	582	100	654	91	283	1071	302	0	0	19	383	745	393	1373	19	3411	13206
144	996	6174	231869	10669	19	5710	981	215490	233	586	0	653	102	233	1037	279	0	0	21	233	755	381	1291	21	3263	12670
145	987	4384	232856	10660	18	5728	978	216468	162	582	0	653	116	162	1034	263	0	0	23	162	769	379	1219	23	3046	12220
146	995	11346	233851	10633	19	5747	1003	217471	256	580	0	645	136	256	858	237	0	0	22	256	781	373	1136	22	2929	11865
147	1083	4884	234934	10704	18	5765	994	218465	372	583	100	635	168	272	763	217	0	0	23	372	803	385	1058	23	2916	11610
148	1178	5913	236112	10848	19	5784	1015	219480	215	582	0	632	214	215	741	192	0	0	24	215	846	406	980	24	2725	11476
149	1153	9197	237265	10947	14	5798	1040	220520	256	580	0	632	261	256	624	182	0	0	27	256	893	443	907	27	2538	11462
150	1185	6631	238450	11089	15	5813	1028	221548	316	586	60	619	295	256	532	157	0	0	24	316	914	452	812	24	2402	11564
151	1172	8604	239622	11163	16	5829	1082	222630	311	587	59	610	331	252	456	134	0	0	21	311	941	465	729	21	2248	11776
152	1182	13554	240804	11227	15	5844	1103	223733	299	596	50	598	365	249	378	111	0	0	19	299	963	476	646	19	2071	12093
153	1193	4659	241997	11195	14	5858	1211	224944	348	603	118	586	398	230	302	88	0	0	17	348	984	486	549	17	1933	12528
154	1183	11803	243180	11178	15	5873	1185	226129	314	617	86	569	427	228	226	66	0	0	15	314	996	493	469	15	1754	13055
155	1212	5326	244392	11438	18	5891	934	227063	311	632	96	556	462	215	151	45	0	0	18	311	1018	507	384	18	1558	13689
156	1243	6797	245635	11692	21	5912	968	228031	308	647	106	537	489	202	49	22	0	0	16	308	1026	511	267	16	1355	14448
157	1226	5784	246861	11973	22	5934	923	228954	435	656	102	519	137	333	773	129	22	0	0	435	656	266	1106	22	1524	13998
158	1256	6432	248117	12216	21	5955	992	229946	244	668	1	576	92	243	878	117	9	0	12	244	668	209	1133	21	1559	13533
159	1192	7003	249309	12392	19	5974	997	230943	197	679	0	638	41	197	819	110	0	0	19	197	679	151	1035	19	1605	13177
160	1233	5439	250542	12601	22	5996	1002	231945	306	686	35	635	51	271	755	102	0	0	22	306	686	153	1048	22	1758	12815
161	1236	13554	251778	12875	20	6016	942	232887	326	703	48	635	68	278	700	96	0	0	20	326	703	164	998	20	1920	12520
162	1303	5115	253081	13153	23	6039	1002	233889	227	719	3	627	92	224	638	87	0	0	23	227	719	179	885	23	1968	12354
163	1412	15463	254493	13664	19	6058	882	234771	360	735	78	613	122	282	583	79	0	0	19	360	735	201	884	19	2127	12205
164	1203	5041	255696	14073	22	6080	772	235543	539	749	172	595	154	367	522	70	0	0	22	539	749	224	911	22	2442	12043
165	1309	8477	257005	14559	22	6102	801	236344	435	762	133	576	186	302	465	67	0	0	22	435	762	253	789	22	2624	12016
166	1217	5219	258222	14962	19	6121	795	237139	241	783	50	562	221	191	406	57	0	0	19	241	783	278	616	19	2587	12183
167	1443	6522	259665	15644	18	6139	743	237882	265	796	70	545	251	195	348	49	0	0	18	265	796	300	561	18	2552	12418
168	1502	5727	261167	16235	24	6163	887	238769	355	811	123	528	283	232	288	40	0	0	24	355	811	323	544	24	2584	12685
169	1313	5879	262480	16526	20	6183	1002	239771	289	841	101	519	322	188	230	32	0	0	20	289	841	354	438	20	2519	13088
170	1491	5804	263971	16996	26	6209	995	240766	353	862	142	505	357	211	174	24	0	0	26	353	862	381	411	26	2491	13539
171	1517	11327	265488	17460	36	6245	1017	241783	455	896	199	498	398	256	116	16	0	2	34	455	896	416	406	36	2530	14029
172	1549	10951	267037	17967	39	6284	1003	242786	348	917	157	484	433	191	37	8	0	5	34	348	917	446	262	39	2432	14684
173	1482	6283	268519	18380	42	6326	1027	243813	278	945	0	534	152	278	812	129	6	16	20	278	686	297	1110	42	2413	14260
174	1587	7330	270106	18836	44	6370	1087	244900	364	961	106	591	107	258	878	117	5	6	33	364	698	230	1169	44	2547	13789
175	1572	11430	271678	19358	47	6417	1003	245903	472	991	259	653	56	213	818	110	0	6	41	472	709	172	1072	47	2847	13426
176	1596	7165	273274	19962	45	6462	947	246850	579	1017	292	650	66	287	755	102	0	2	43	579	716	170	1085	45	3256	13057
177	1642	8102	274916	20344	49	6511	1211	248061	449	1041	155	650	83	294	700	96	0	7	42	449	733	186	1036	49	3519	12754
178	1612	11931	276528	20882	53	6564	1021	249082	498	1076	258	642	107	240	638	87	0	8	45	498	749	202	923	53	3815	12580
179	1673	19030	278201	21515	56	6620	984	250066	669	1091	371	628	137	298	583	79	4	9	43	669	765	225	924	56	4259	12421
180	1578	10271	279779	22027	53	6673	1013	251079	630	1102	247	610	169	383	522	70	1	8	45	630	779	247	950	54	4642	12250
181	1703	9764	281482	22626	57	6730	1047	252126	726	1118	408	591	201	318	465	67	3	9	46	726	792	277	829	58	5091	12213
182	1761	7467	283243	23242	52	6782	1093	253219	349	1159	142	577	236	207	406	57	2	8	42	349	813	301	655	52	5139	12371
183	1673	16561	284916	23917	55	6837	943	254162	604	1181	394	560	266	210	348	49	4	9	42	604	826	324	600	55	5419	12597
184	1512	5642	286428	24152	58	6895	1219	255381	603	1209	355	543	298	248	288	40	2	9	47	603	841	347	583	58	5675	12855
185	1671	7113	288099	24650	56	6951	1117	256498	531	1223	327	534	337	204	230	32	3	9	44	531	871	378	478	56	5828	13248
186	1509	7794	289608	24904	48	6999	1207	257705	582	1241	355	520	372	227	174	24	0	2	46	582	892	398	447	48	6012	13693
187	1527	8083	291135	25107	57	7056	1267	258972	892	1267	620	513	413	272	116	16	0	3	54	892	926	432	442	57	6472	14177
188	1716	18735	292851	25535	63	7119	1225	260197	581	1301	375	499	448	206	37	8	0	8	55	581	947	464	298	63	6589	14826
189	1742	6559	294593	26008	67	7186	1202	261399	542	1327	42	743	584	500	1277	229	0	58	9	542	1327	871	1786	67	6260	14367
190	1771	6607	296364	26374	63	7249	1342	262741	811	1351	217	814	537	594	1437	210	0	28	35	811	1351	775	2066	63	6296	13652
191	1648	11457	298012	26813	66	7315	1143	263884	459	1372	74	888	484	385	1340	196	0	0	66	459	1372	680	1791	66	6075	13233
192	1771	20508	299783	27462	62	7377	1060	264944	660	1402	157	902	500	503	1237	183	1	1	60	660	1402	684	1800	62	6051	12835
193	1538	6113	301321	27620	68	7445	1312	266256	615	1432	141	917	515	474	1147	170	1	1	66	615	1432	686	1687	68	5980	12580
194	1519	11413	302840	27962	61	7506	1116	267372	681	1456	180	920	536	501	1044	155	1	1	59	681	1456	692	1604	61	5969	12432
195	1743	7947	304583	28435	68	7574	1202	268574	531	1491	122	923	568	409	954	141	1	1	66	531	1491	710	1429	68	5790	12494
196	1692	12775	306275	28801	65	7639	1261	269835	993	1522	356	919	603	637	855	126	1	0	63	993	1522	729	1555	64	6054	12461
197	1767	8713	308042	29469	72	7711	1027	270862	724	1561	241	921	640	483	762	116	1	1	71	724	1561	757	1316	73	6021	12706
198	1573	6748	309615	29727	74	7785	1241	272103	663	1573	226	909	664	437	664	100	1	0	73	663	1573	764	1174	74	5920	13105
199	1665	8378	311280	30001	73	7858	1318	273421	737	1601	274	907	694	463	569	86	1	0	72	737	1601	780	1104	73	5877	13602
200	1511	6468	312791	30209	71	7929	1232	274653	740	1615	289	896	719	451	472	71	1	0	70	740	1615	790	993	71	5827	14224
201	1467	6253	314258	30492	68	7997	1116	275769	580	1583	225	863	720	355	377	56	1	0	67	580	1583	776	799	68	5631	15008
202	1412	11589	315670	30417	65	8062	1422	277191	910	1596	396	852	744	514	284	43	1	0	63	910	1596	787	861	64	5754	15743
203	1427	5474	317097	30324	68	8130	1452	278643	481	1583	205	828	755	276	189	29	2	0	66	481	1583	784	531	68	5451	16795
204	1391	14469	318488	30405	65	8195	1245	279888	1234	1516	576	777	739	658	62	14	2	0	63	1234	1516	753	783	65	5932	17528
205	1407	5536	319895	30343	67	8262	1402	281290	515	1507	0	924	583	515	1480	147	0	2	65	515	1507	732	2060	67	5715	16975
206	1442	17250	321337	30216	63	8325	1506	282796	697	1455	112	952	503	585	1629	134	0	1	62	697	1455	638	2276	63	5774	16154
207	1502	12936	322839	30448	59	8384	1211	284007	663	1470	124	1017	453	539	1518	125	0	1	58	663	1470	579	2115	59	5858	15509
208	1429	7491	324268	30638	57	8441	1182	285189	860	1475	208	1013	462	652	1402	117	0	1	56	860	1475	580	2110	57	6138	14874
209	1603	12374	325871	30864	57	8498	1320	286509	574	1412	81	975	437	493	1300	109	0	1	56	574	1412	547	1849	57	6165	14437
210	1511	8037	327382	31091	55	8553	1229	287738	691	1414	149	962	452	542	1183	99	0	1	54	691	1414	552	1779	55	6304	14072
211	1581	10000	328963	31261	56	8609	1355	289093	558	1411	102	940	471	456	1082	90	0	0	56	558	1411	561	1594	56	6301	13889
212	1615	8266	330578	31420	58	8667	1398	290491	452	1403	68	911	492	384	968	79	0	1	57	452	1403	572	1409	58	6181	13883
213	1629	11572	332207	31592	55	8722	1402	291893	765	1398	235	885	513	530	863	76	0	1	54	765	1398	590	1447	55	6356	13834
214	1649	6332	333856	31794	56	8778	1391	293284	486	1414	118	870	544	368	753	65	0	0	56	486	1414	609	1177	56	6233	14071
215	1502	6570	335358	32025	59	8837	1212	294496	642	1411	209	846	565	433	646	55	0	0	59	642	1411	620	1138	59	6255	14344
216	1614	8996	336972	32280	58	8895	1301	295797	890	1417	344	826	591	546	536	46	0	0	58	890	1417	637	1140	58	6508	14621
217	1632	6270	338604	32536	62	8957	1314	297111	547	1416	197	802	614	350	427	37	0	0	62	547	1416	651	839	62	6404	15198
218	1671	6223	340275	32754	57	9014	1396	298507	730	1418	300	780	638	430	322	28	0	0	57	730	1418	666	809	57	6468	15807
219	1693	7039	341968	33070	66	9080	1311	299818	591	1408	250	751	657	341	215	19	0	1	65	591	1408	677	621	66	6382	16594
220	1812	10929	343780	33390	73	9153	1419	301237	429	1445	188	746	699	241	73	10	2	1	70	429	1445	710	384	73	6101	17655
221	1723	17164	345503	33641	71	9224	1401	302638	897	1428	146	868	560	751	1468	162	0	0	71	897	1428	722	2290	71	6276	16793
222	1815	13215	347318	33880	72	9296	1504	304142	605	1427	57	927	500	548	1644	144	2	2	68	605	1427	646	2260	72	6235	15960
223	2026	10464	349344	34407	75	9371	1424	305566	591	1447	76	994	453	515	1528	138	1	6	68	591	1447	597	2111	75	6229	15296
224	1894	12357	351238	34715	74	9445	1512	307078	528	1545	42	1035	510	486	1414	127	1	5	68	528	1545	642	1968	74	6115	14873
225	2013	11923	353251	35153	68	9513	1507	308585	720	1504	139	1012	492	581	1309	119	3	3	62	720	1504	614	1952	68	6221	14425
226	2102	22978	355353	35603	71	9584	1581	310166	754	1599	169	1044	555	585	1192	109	1	5	65	754	1599	669	1842	71	6306	14182
227	2165	16213	357518	36201	74	9658	1493	311659	723	1648	172	1051	597	551	1092	97	3	6	65	723	1648	700	1708	74	6329	14122
228	2091	10879	359609	36650	69	9727	1573	313232	1018	1699	330	1052	647	688	976	88	2	4	63	1018	1699	739	1727	69	6608	14094
229	2017	13922	361626	37298	72	9799	1297	314529	691	1744	192	1050	694	499	871	81	2	6	64	691	1744	781	1434	72	6518	14404
230	2198	11426	363824	37803	75	9874	1618	316147	1385	1780	541	1047	733	844	758	70	3	5	67	1385	1780	808	1669	75	7095	14515
231	2209	12826	366033	38425	76	9950	1511	317658	779	1827	270	1049	778	509	650	60	4	5	68	779	1827	843	1227	77	7031	15115
232	2305	14849	368338	38991	77	10027	1662	319320	622	1836	213	1031	805	409	540	49	6	5	67	622	1836	859	1016	78	6794	15935
233	2319	11639	370657	39657	72	10099	1581	320901	1049	1916	434	1049	867	615	431	41	3	3	66	1049	1916	911	1112	72	6932	16739
234	2322	28109	372979	40198	78	10177	1703	322604	878	1966	369	1052	914	509	324	29	6	8	64	878	1966	951	897	78	6859	17808
235	2213	10520	375192	40830	75	10252	1506	324110	636	2075	270	1084	991	366	216	20	3	4	68	636	2075	1015	650	75	6480	19233
236	2106	11161	377298	41347	74	10326	1515	325625	1703	2177	795	1112	1065	908	74	10	3	1	70	1703	2177	1076	1052	74	7107	20358
237	2302	8587	379600	42052	76	10402	1521	327146	1290	2341	486	973	705	804	1798	682	0	76	0	1290	1678	1463	2602	76	6934	19434
238	2343	11283	381943	42499	79	10481	1817	328963	1367	2386	710	1033	645	657	2010	178	0	53	26	1367	1678	876	2693	79	7425	18419
239	2391	12076	384334	42972	77	10558	1841	330804	1062	2464	438	1101	596	624	1868	170	0	0	77	1062	1697	766	2569	77	7721	17547
240	2311	11680	386645	43488	81	10639	1714	332518	1422	2564	823	1144	651	599	1729	155	0	1	80	1422	1795	807	2408	81	8336	16934
241	2436	13299	389081	43927	83	10722	1914	334432	1141	2654	448	1122	632	693	1601	146	0	4	79	1141	1754	782	2373	83	8695	16315
242	2483	14814	391564	44401	81	10803	1928	336360	1208	2730	509	1155	694	699	1458	134	0	0	81	1208	1849	828	2238	81	9075	15926
243	2516	11762	394080	44815	84	10887	2018	338378	1717	2740	1050	1163	735	667	1334	121	0	1	83	1717	1898	857	2084	84	9935	15740
244	2576	10057	396656	45259	85	10972	2047	340425	1427	2867	621	1165	783	806	1193	108	0	1	84	1427	1948	892	2083	85	10470	15605
245	2529	22168	399185	45486	87	11059	2215	342640	1271	3001	653	1165	829	618	1064	100	0	1	86	1271	1994	930	1768	87	10811	15831
246	2693	12848	401878	45981	86	11145	2112	344752	1195	3095	446	1162	867	749	927	86	0	0	86	1195	2029	953	1762	86	11053	16098
247	2841	26287	404719	46553	88	11233	2181	346933	1344	3230	713	1166	910	631	795	74	0	0	88	1344	2076	984	1514	88	11413	16660
248	3045	21553	407764	47495	93	11326	2010	348943	1522	3356	990	1150	935	532	660	61	0	0	93	1522	2085	996	1285	93	11939	17460
249	3116	20259	410880	48221	92	11418	2298	351241	1256	3423	530	1169	996	726	526	50	0	0	92	1256	2165	1046	1344	92	12149	18281
250	3223	14495	414103	48794	89	11507	2561	353802	2244	3439	1609	1173	1042	635	395	36	0	0	89	2244	2215	1078	1119	89	13315	19377
251	3316	12404	417419	49304	94	11601	2712	356514	1478	3610	985	1206	1118	493	264	24	0	0	94	1478	2324	1142	851	94	13651	20850
252	3819	19040	421238	50332	103	11704	2688	359202	1641	3657	764	1235	1191	877	91	13	0	0	103	1641	2426	1204	1071	103	14088	22205
253	4215	24344	425453	51839	116	11820	2592	361794	1797	3742	811	1353	1109	986	2171	2233	0	116	0	1797	2462	3458	3157	116	12427	21510
254	4542	39383	429995	53340	123	11943	2918	364712	2151	3850	1098	1412	1048	1053	2424	198	0	41	82	2151	2460	1287	3559	123	13291	20411
255	5103	19771	435098	55283	141	12084	3019	367731	2265	3990	1244	1482	998	1021	2254	189	0	3	138	2265	2480	1190	3413	141	14366	19478
256	5532	42137	440630	57447	135	12219	3233	370964	1621	4121	625	1525	1053	996	2086	174	0	2	133	1621	2578	1229	3215	135	14758	18841
257	6017	54067	446647	59513	139	12358	3812	374776	1282	4217	396	1504	1032	886	1932	162	0	1	138	1282	2536	1195	2956	139	14845	18421
258	6713	27896	453360	62819	153	12511	3254	378030	1942	4409	844	1538	1094	1098	1758	149	0	0	153	1942	2632	1243	3009	153	15544	18044
259	7381	34674	460741	66361	161	12672	3678	381708	1912	4543	845	1546	1134	1067	1609	134	0	5	156	1912	2680	1273	2832	161	16183	17892
260	6814	25842	467555	69096	168	12840	3911	385619	1640	4641	617	1549	1181	1023	1439	120	0	8	160	1640	2730	1309	2622	168	16514	18000
261	6876	40064	474431	72507	174	13014	3291	388910	2149	4711	1129	1550	1226	1020	1283	111	0	10	164	2149	2776	1347	2467	174	17316	18309
262	6592	24637	481023	75077	177	13191	3845	392755	2589	4816	1437	1548	1263	1152	1118	96	0	11	166	2589	2811	1370	2436	177	18535	18684
263	6714	27626	487737	77998	182	13373	3611	396366	1599	4903	654	1552	1306	945	959	82	0	13	169	1599	2858	1401	2073	182	18733	19469
264	6439	32152	494176	80237	185	13558	4015	400381	2573	5011	1637	1537	1330	936	795	67	0	10	175	2573	2867	1407	1906	185	19899	20430
265	6514	48484	500690	82078	188	13746	4485	404866	1529	5190	657	1556	1390	872	634	55	0	12	176	1529	2946	1457	1682	188	19971	21694
266	6101	24009	668957	245701	190	13936	4593	409320	1979	5303	938	1561	1435	1041	477	40	0	15	175	1979	2996	1490	1693	190	20460	22997
267	6690	25233	700880	272580	193	14129	4821	414141	2663	5502	1763	1595	1510	900	318	27	0	13	180	2663	3105	1550	1398	193	21573	24704
268	6511	25770	733261	300584	187	14316	4190	418331	2436	5611	1152	1625	1582	1284	109	14	0	1	186	2436	3207	1597	1579	187	22412	26332
269	6903	25833	765997	328316	193	14509	4811	423142	2976	5703	1280	3160	2543	1696	5295	2067	45	0	148	2976	5703	4610	7139	193	20778	24896
270	6128	25768	797893	355916	196	14705	4100	427242	2629	5800	920	3257	2543	1709	5879	43	0	0	196	2629	5800	2586	7784	196	20821	22912
271	6093	24309	828295	382112	195	14900	4011	431253	2351	5805	821	3308	2497	1530	5465	44	0	0	195	2351	5805	2541	7190	195	20631	21527
272	6420	25717	860432	409029	203	15103	5017	436270	2090	5836	698	3306	2530	1392	5059	38	0	0	203	2090	5836	2568	6654	203	20153	20709
273	6593	26605	893630	436771	211	15314	5245	441515	3361	5882	1318	3317	2565	2043	4685	38	0	0	211	3361	5882	2603	6939	211	20911	19652
274	6213	25499	925342	462420	217	15531	5846	447361	2933	5901	1134	3301	2600	1799	4265	35	0	0	217	2933	5901	2635	6281	217	21209	19272
275	5918	24506	1748567	1280223	220	15751	5232	452593	3553	5943	1454	3295	2648	2099	3902	30	0	0	220	3553	5943	2678	6221	220	22084	18994
276	5607	26499	1780673	1255251	226	15977	5516	458109	2309	5952	883	3265	2687	1426	3491	27	0	0	226	2309	5952	2714	5143	226	21679	19803
277	5203	23933	1809809	212045	222	16199	20191	1581565	3440	5961	1449	3236	2725	1991	3113	28	0	0	222	3440	5961	2753	5326	222	22366	20438
278	5103	21816	1836728	216531	218	16417	22215	1603780	2888	5973	1210	3211	2762	1678	2713	22	0	0	218	2888	5973	2784	4609	218	22470	21802
279	5064	24553	1866345	217755	229	16646	28164	1631944	2422	5980	1013	3183	2797	1409	2326	20	0	0	229	2422	5980	2817	3964	229	22075	23818
280	5105	26997	1898447	220375	235	16881	29247	1661191	2176	5988	920	3156	2832	1256	1931	15	0	0	235	2176	5988	2847	3422	235	21404	26384
281	4893	24825	1928165	219931	240	17121	29922	1691113	2612	5960	1151	3110	2850	1461	1539	13	0	0	240	2612	5960	2863	3240	240	21153	29104
282	4209	23306	1955680	216709	243	17364	30494	1721607	2240	5803	998	2999	2804	1242	1156	9	0	0	243	2240	5803	2813	2641	243	20580	32266
283	4103	22307	1982090	210928	246	17610	31945	1753552	3678	5707	1707	2919	2788	1971	772	6	3	0	243	3678	5707	2794	2986	246	21464	34987
284	4002	18193	2004285	207366	241	17851	25516	1779068	2522	5501	1179	2783	2718	1343	268	4	0	0	241	2522	5501	2722	1852	241	21264	38636
285	3546	16770	2024601	206218	246	18097	21218	1800286	1889	5347	633	3246	2101	1256	5355	1830	0	0	245	1889	5347	3931	6856	245	19222	37127
286	3412	15691	2043704	190648	254	18351	34419	1834705	2433	5192	706	3201	1991	1727	5928	0	0	0	254	2433	5192	1991	7909	254	19664	34410
287	3309	15947	2062960	177543	251	18602	32110	1866815	3760	5008	1380	3140	1868	2380	5510	0	0	0	251	3760	5008	1868	8141	251	21556	31277
288	3192	16458	2082610	162442	259	18861	34492	1901307	2264	4901	676	3053	1848	1588	5100	0	0	0	259	2264	4901	1848	6947	259	21972	29231
289	3218	14884	2100712	146305	254	19115	33985	1935292	1172	4805	177	2976	1829	995	4723	0	0	0	254	1172	4805	1829	5972	254	21315	28064
290	3199	14344	2118255	128081	256	19371	35511	1970803	1489	4702	357	2883	1819	1132	4300	0	0	0	256	1489	4702	1819	5688	256	20985	27078
291	3002	12116	2133373	119715	253	19624	23231	1994034	2234	4501	744	2738	1763	1490	3935	0	0	0	253	2234	4501	1763	5678	253	21456	25901
292	2806	11399	2147578	112470	254	19878	21196	2015230	1831	4309	583	2592	1717	1248	3520	0	0	0	254	1831	4309	1717	5022	254	21570	25188
293	2816	12381	2162775	105207	257	20135	22203	2037433	2401	4251	888	2513	1738	1513	3140	0	0	0	257	2401	4251	1738	4910	257	22233	24529
294	2783	13022	2178580	99755	253	20388	21004	2058437	1564	4191	522	2435	1756	1042	2736	0	0	0	253	1564	4191	1756	4031	253	22041	24689
295	2612	13080	2194272	95001	254	20642	20192	2078629	2624	4098	1060	2341	1757	1564	2345	0	0	0	254	2624	4098	1757	4163	254	22908	24624
296	2219	12161	2208652	87121	239	20881	22021	2100650	2647	3918	1104	2203	1715	1543	1946	0	0	0	239	2647	3918	1715	3728	239	23840	24814
297	1908	10295	2220855	85002	212	21093	14110	2114760	1905	3891	781	2141	1750	1124	1552	0	0	0	212	1905	3891	1750	2888	212	23995	25817
298	1713	9467	2232035	84308	202	21295	11672	2126432	1751	3764	741	2029	1735	1010	1167	0	0	0	202	1751	3764	1735	2379	202	24011	27202
299	1515	8362	2241912	83890	193	21488	10102	2136534	2093	3612	935	1904	1708	1158	778	0	0	0	193	2093	3612	1708	2129	193	24396	28685
300	1508	12187	2255607	87492	197	21685	9896	2146430	1778	3522	816	1810	1712	962	273	0	0	0	197	1778	3522	1712	1432	197	24462	30775
301	1477	13017	2270101	92884	194	21879	8908	2155338	1596	3410	1596	1275	2135	0	1	1835	0	28	166	1596	3410	3998	167	194	22060	34018
302	1458	12372	2283931	97821	191	22070	8702	2164040	1069	3303	1068	1860	1443	1	1900	4	0	7	184	1069	3303	1454	2085	191	21675	35236
303	1370	10801	2296102	101587	194	22264	8211	2172251	1665	3201	458	2232	969	1207	3980	4	0	6	188	1665	3201	979	5375	194	22361	33062
304	1291	10188	2307581	102986	186	22450	9894	2182145	1060	3094	199	2145	949	861	3677	4	0	6	180	1060	3094	959	4718	186	22462	31438
305	1103	8434	2317118	104440	181	22631	7902	2190047	969	2903	189	2022	881	780	3397	4	0	6	175	969	2903	891	4352	181	22540	29989
306	1017	8121	2326256	105299	176	22807	8103	2198150	927	2811	186	1934	877	741	3085	4	0	5	171	927	2811	886	3997	176	22581	28803
307	1003	9217	2336476	105044	174	22981	10301	2208451	1030	2783	266	1876	907	764	2814	3	0	5	169	1030	2783	915	3747	174	22696	27839
308	983	8826	2346285	104669	171	23152	10013	2218464	897	2701	231	1785	916	666	2511	3	0	5	166	897	2701	924	3343	171	22669	27197
309	971	8583	2355839	104587	173	23325	9463	2227927	1330	2652	468	1711	941	862	2234	3	0	4	169	1330	2652	948	3265	173	23051	26584
310	958	8004	2364801	104368	170	23495	9011	2236938	1165	2512	893	968	1544	272	1650	2	160	6	4	1165	2512	1552	1926	170	22664	27170
311	921	7393	2373115	103404	169	23664	9109	2246047	586	2311	378	773	1538	208	1481	2	0	0	169	586	2311	1540	1858	169	21710	27623
312	902	6648	2380665	102781	168	23832	8005	2254052	1032	2265	591	822	1443	441	1191	2	0	3	165	1032	2265	1448	1797	168	21294	28091
313	803	5633	2387101	100240	165	23997	8812	2262864	814	2201	814	1275	2135	0	1	4	0	28	166	814	3410	2167	167	194	19941	31334
314	749	5113	2392963	98033	164	24161	7905	2270769	969	2183	968	1860	1443	1	1653	4	0	7	184	969	3303	1454	1838	191	19456	32799
315	761	6057	2399781	97466	167	24328	7218	2277987	991	2162	0	2232	969	991	3676	4	0	6	188	991	3201	979	4855	194	19468	31145
316	752	5683	2406216	97810	159	24487	5932	2283919	1057	2102	196	2145	949	861	3197	4	0	6	180	1057	3094	959	4238	186	19566	30001
317	743	5546	2412505	97833	153	24640	6113	2290032	1399	2074	619	2022	881	780	2954	4	0	6	175	1399	2903	891	3909	181	20074	28995
318	734	5233	2418472	97633	149	24789	6018	2296050	748	2003	7	1934	877	741	2683	4	0	5	171	748	2811	886	3595	176	19936	28211
319	723	5133	2424328	97534	144	24933	5811	2301861	941	1962	177	1876	907	764	2447	3	0	5	169	941	2783	915	3380	174	19962	27614
320	684	4593	2429605	96811	140	25073	5860	2307721	853	1905	187	1785	916	666	2183	3	0	5	166	853	2701	924	3015	171	19891	27300
321	671	4971	2435247	95634	137	25210	6682	2314403	1013	1808	151	1711	941	862	1942	3	0	4	169	1013	2652	948	2973	173	19956	26979
322	681	6422	2442350	94495	134	25344	8108	2322511	454	1791	182	968	1544	272	1434	2	160	6	4	454	2512	1552	1710	170	18858	27781
323	675	6814	2449839	93049	132	25476	8803	2331314	666	1765	458	773	1538	208	1288	2	0	0	169	666	2311	1540	1665	169	17984	28427
324	670	6609	2457118	91297	129	25605	8902	2340216	907	1751	466	822	1443	441	1035	2	0	3	165	907	2265	1448	1641	168	17443	29051
325	664	6248	2464030	89985	131	25736	8093	2348309	539	1740	13	1253	948	526	983	1	17	22	126	539	2201	971	1635	165	17011	29617
326	658	6213	2470901	89627	129	25865	7100	2355409	741	1692	141	1238	945	600	751	1	0	0	164	741	2183	946	1515	164	16806	30285
327	641	5921	2477463	89055	128	25993	7006	2362415	852	1634	271	1179	983	581	500	0	0	0	167	852	2162	983	1248	167	16675	31199
328	636	7083	2485182	88634	124	26117	8016	2370431	892	1615	307	1100	1002	585	177	0	0	0	159	892	2102	1002	921	159	16565	32380